# Time-averaged data for fix ave_rg
# TimeStep Number-of-rows
# Row c_rg
1000 1
1 21.5393
2000 1
1 21.5106
3000 1
1 21.4961
4000 1
1 21.4843
5000 1
1 21.4718
6000 1
1 21.4469
7000 1
1 21.4205
8000 1
1 21.3874
9000 1
1 21.3535
10000 1
1 21.326
11000 1
1 21.3199
12000 1
1 21.3399
13000 1
1 21.3624
14000 1
1 21.3798
15000 1
1 21.3826
16000 1
1 21.3842
17000 1
1 21.3692
18000 1
1 21.3109
19000 1
1 21.2562
20000 1
1 21.2214
21000 1
1 21.1935
22000 1
1 21.182
23000 1
1 21.1757
24000 1
1 21.1618
25000 1
1 21.1523
26000 1
1 21.1505
27000 1
1 21.1411
28000 1
1 21.1324
29000 1
1 21.1361
30000 1
1 21.1399
31000 1
1 21.1287
32000 1
1 21.1208
33000 1
1 21.1059
34000 1
1 21.083
35000 1
1 21.0668
36000 1
1 21.0596
37000 1
1 21.0336
38000 1
1 21.0178
39000 1
1 21.0061
40000 1
1 20.9982
41000 1
1 20.9977
42000 1
1 20.9833
43000 1
1 20.9733
44000 1
1 20.9665
45000 1
1 20.9521
46000 1
1 20.9502
47000 1
1 20.9536
48000 1
1 20.9441
49000 1
1 20.9433
50000 1
1 20.9581
51000 1
1 20.9754
52000 1
1 21.0006
53000 1
1 21.0291
54000 1
1 21.0509
55000 1
1 21.0668
56000 1
1 21.0791
57000 1
1 21.0909
58000 1
1 21.1073
59000 1
1 21.1289
60000 1
1 21.1584
61000 1
1 21.1873
62000 1
1 21.2128
63000 1
1 21.2519
64000 1
1 21.2956
65000 1
1 21.3364
66000 1
1 21.3837
67000 1
1 21.4404
68000 1
1 21.4943
69000 1
1 21.5357
70000 1
1 21.5648
71000 1
1 21.589
72000 1
1 21.6116
73000 1
1 21.6226
74000 1
1 21.6119
75000 1
1 21.5971
76000 1
1 21.5973
77000 1
1 21.5941
78000 1
1 21.6018
79000 1
1 21.6072
80000 1
1 21.6049
81000 1
1 21.6031
82000 1
1 21.6059
83000 1
1 21.5993
84000 1
1 21.5882
85000 1
1 21.5636
86000 1
1 21.5562
87000 1
1 21.5762
88000 1
1 21.5969
89000 1
1 21.6102
90000 1
1 21.6218
91000 1
1 21.6366
92000 1
1 21.6525
93000 1
1 21.6715
94000 1
1 21.6928
95000 1
1 21.7151
96000 1
1 21.7584
97000 1
1 21.8051
98000 1
1 21.8447
99000 1
1 21.8861
100000 1
1 21.9451
101000 1
1 22.0076
102000 1
1 22.066
103000 1
1 22.1138
104000 1
1 22.1599
105000 1
1 22.2088
106000 1
1 22.2627
107000 1
1 22.3221
108000 1
1 22.3902
109000 1
1 22.4587
110000 1
1 22.5193
111000 1
1 22.5728
112000 1
1 22.625
113000 1
1 22.6633
114000 1
1 22.705
115000 1
1 22.7417
116000 1
1 22.7691
117000 1
1 22.788
118000 1
1 22.8023
119000 1
1 22.8152
120000 1
1 22.8332
121000 1
1 22.8529
122000 1
1 22.8682
123000 1
1 22.8841
124000 1
1 22.9111
125000 1
1 22.945
126000 1
1 22.986
127000 1
1 23.042
128000 1
1 23.0828
129000 1
1 23.1212
130000 1
1 23.1638
131000 1
1 23.196
132000 1
1 23.2084
133000 1
1 23.2165
134000 1
1 23.2301
135000 1
1 23.2435
136000 1
1 23.2573
137000 1
1 23.2832
138000 1
1 23.3018
139000 1
1 23.3054
140000 1
1 23.3091
141000 1
1 23.3084
142000 1
1 23.3188
143000 1
1 23.3428
144000 1
1 23.3678
145000 1
1 23.3875
146000 1
1 23.3854
147000 1
1 23.3734
148000 1
1 23.3724
149000 1
1 23.3764
150000 1
1 23.3873
151000 1
1 23.3748
152000 1
1 23.3572
153000 1
1 23.3487
154000 1
1 23.3464
155000 1
1 23.3189
156000 1
1 23.2776
157000 1
1 23.236
158000 1
1 23.187
159000 1
1 23.1284
160000 1
1 23.0847
161000 1
1 23.0484
162000 1
1 23.013
163000 1
1 22.9901
164000 1
1 22.9776
165000 1
1 22.95
166000 1
1 22.9106
167000 1
1 22.8692
168000 1
1 22.8357
169000 1
1 22.8117
170000 1
1 22.7964
171000 1
1 22.7726
172000 1
1 22.7491
173000 1
1 22.7236
174000 1
1 22.7008
175000 1
1 22.6696
176000 1
1 22.6489
177000 1
1 22.6357
178000 1
1 22.6251
179000 1
1 22.6178
180000 1
1 22.6108
181000 1
1 22.6067
182000 1
1 22.6044
183000 1
1 22.5932
184000 1
1 22.578
185000 1
1 22.5744
186000 1
1 22.5763
187000 1
1 22.5844
188000 1
1 22.5888
189000 1
1 22.607
190000 1
1 22.6286
191000 1
1 22.6399
192000 1
1 22.6365
193000 1
1 22.6198
194000 1
1 22.5952
195000 1
1 22.5803
196000 1
1 22.5817
197000 1
1 22.5835
198000 1
1 22.588
199000 1
1 22.6007
200000 1
1 22.6308
201000 1
1 22.6742
202000 1
1 22.7222
203000 1
1 22.7468
204000 1
1 22.7749
205000 1
1 22.8043
206000 1
1 22.831
207000 1
1 22.8698
208000 1
1 22.8921
209000 1
1 22.8983
210000 1
1 22.8769
211000 1
1 22.8458
212000 1
1 22.7893
213000 1
1 22.7332
214000 1
1 22.6761
215000 1
1 22.6243
216000 1
1 22.5969
217000 1
1 22.5734
218000 1
1 22.5465
219000 1
1 22.5218
220000 1
1 22.497
221000 1
1 22.4845
222000 1
1 22.4757
223000 1
1 22.4691
224000 1
1 22.459
225000 1
1 22.4484
226000 1
1 22.437
227000 1
1 22.4293
228000 1
1 22.4237
229000 1
1 22.4161
230000 1
1 22.422
231000 1
1 22.4341
232000 1
1 22.411
233000 1
1 22.3729
234000 1
1 22.3281
235000 1
1 22.284
236000 1
1 22.2436
237000 1
1 22.2121
238000 1
1 22.1751
239000 1
1 22.1424
240000 1
1 22.1086
241000 1
1 22.074
242000 1
1 22.0518
243000 1
1 22.0322
244000 1
1 22.0094
245000 1
1 21.999
246000 1
1 21.9725
247000 1
1 21.9344
248000 1
1 21.8938
249000 1
1 21.8495
250000 1
1 21.7986
251000 1
1 21.7509
252000 1
1 21.7086
253000 1
1 21.6706
254000 1
1 21.6254
255000 1
1 21.5814
256000 1
1 21.5409
257000 1
1 21.5027
258000 1
1 21.4609
259000 1
1 21.4265
260000 1
1 21.4102
261000 1
1 21.4066
262000 1
1 21.4072
263000 1
1 21.4089
264000 1
1 21.4122
265000 1
1 21.4137
266000 1
1 21.4162
267000 1
1 21.4186
268000 1
1 21.4263
269000 1
1 21.436
270000 1
1 21.4481
271000 1
1 21.4696
272000 1
1 21.4941
273000 1
1 21.4963
274000 1
1 21.4865
275000 1
1 21.4643
276000 1
1 21.4401
277000 1
1 21.4214
278000 1
1 21.4032
279000 1
1 21.3876
280000 1
1 21.3765
281000 1
1 21.3628
282000 1
1 21.3369
283000 1
1 21.2983
284000 1
1 21.2643
285000 1
1 21.2342
286000 1
1 21.2163
287000 1
1 21.1947
288000 1
1 21.1684
289000 1
1 21.1367
290000 1
1 21.1007
291000 1
1 21.075
292000 1
1 21.0729
293000 1
1 21.0743
294000 1
1 21.0774
295000 1
1 21.0761
296000 1
1 21.0757
297000 1
1 21.0811
298000 1
1 21.0904
299000 1
1 21.1095
300000 1
1 21.1291
301000 1
1 21.1454
302000 1
1 21.15
303000 1
1 21.1225
304000 1
1 21.0801
305000 1
1 21.0369
306000 1
1 21.0044
307000 1
1 20.9912
308000 1
1 20.9754
309000 1
1 20.9574
310000 1
1 20.93
311000 1
1 20.9008
312000 1
1 20.8791
313000 1
1 20.8474
314000 1
1 20.8099
315000 1
1 20.7681
316000 1
1 20.7183
317000 1
1 20.6755
318000 1
1 20.6433
319000 1
1 20.6204
320000 1
1 20.6026
321000 1
1 20.5822
322000 1
1 20.5546
323000 1
1 20.5308
324000 1
1 20.5114
325000 1
1 20.5075
326000 1
1 20.5029
327000 1
1 20.4973
328000 1
1 20.4883
329000 1
1 20.4778
330000 1
1 20.479
331000 1
1 20.4801
332000 1
1 20.4847
333000 1
1 20.4795
334000 1
1 20.4694
335000 1
1 20.4598
336000 1
1 20.4565
337000 1
1 20.4367
338000 1
1 20.4158
339000 1
1 20.3832
340000 1
1 20.3372
341000 1
1 20.3063
342000 1
1 20.2962
343000 1
1 20.2867
344000 1
1 20.2689
345000 1
1 20.2702
346000 1
1 20.2859
347000 1
1 20.3017
348000 1
1 20.312
349000 1
1 20.3251
350000 1
1 20.3388
351000 1
1 20.3551
352000 1
1 20.3724
353000 1
1 20.3829
354000 1
1 20.3968
355000 1
1 20.4229
356000 1
1 20.4551
357000 1
1 20.4844
358000 1
1 20.5161
359000 1
1 20.5416
360000 1
1 20.5564
361000 1
1 20.5725
362000 1
1 20.5882
363000 1
1 20.5933
364000 1
1 20.5856
365000 1
1 20.5789
366000 1
1 20.5777
367000 1
1 20.577
368000 1
1 20.5627
369000 1
1 20.5293
370000 1
1 20.4852
371000 1
1 20.4461
372000 1
1 20.4062
373000 1
1 20.3666
374000 1
1 20.3407
375000 1
1 20.3063
376000 1
1 20.2734
377000 1
1 20.2295
378000 1
1 20.1806
379000 1
1 20.1405
380000 1
1 20.118
381000 1
1 20.093
382000 1
1 20.0627
383000 1
1 20.0296
384000 1
1 19.9968
385000 1
1 19.9707
386000 1
1 19.9492
387000 1
1 19.9149
388000 1
1 19.8726
389000 1
1 19.8395
390000 1
1 19.805
391000 1
1 19.7736
392000 1
1 19.7365
393000 1
1 19.687
394000 1
1 19.65
395000 1
1 19.6036
396000 1
1 19.5405
397000 1
1 19.4796
398000 1
1 19.4245
399000 1
1 19.3775
400000 1
1 19.3384
401000 1
1 19.3067
402000 1
1 19.2828
403000 1
1 19.2764
404000 1
1 19.2842
405000 1
1 19.3039
406000 1
1 19.3131
407000 1
1 19.3135
408000 1
1 19.3017
409000 1
1 19.2833
410000 1
1 19.2624
411000 1
1 19.2432
412000 1
1 19.2321
413000 1
1 19.2237
414000 1
1 19.2106
415000 1
1 19.2144
416000 1
1 19.2173
417000 1
1 19.218
418000 1
1 19.2137
419000 1
1 19.198
420000 1
1 19.1786
421000 1
1 19.155
422000 1
1 19.1364
423000 1
1 19.1278
424000 1
1 19.1399
425000 1
1 19.1462
426000 1
1 19.1528
427000 1
1 19.1632
428000 1
1 19.1574
429000 1
1 19.1476
430000 1
1 19.1439
431000 1
1 19.138
432000 1
1 19.1336
433000 1
1 19.1499
434000 1
1 19.182
435000 1
1 19.2104
436000 1
1 19.2315
437000 1
1 19.2269
438000 1
1 19.2201
439000 1
1 19.2057
440000 1
1 19.188
441000 1
1 19.1683
442000 1
1 19.1557
443000 1
1 19.1521
444000 1
1 19.1594
445000 1
1 19.148
446000 1
1 19.1323
447000 1
1 19.1136
448000 1
1 19.1067
449000 1
1 19.1209
450000 1
1 19.1409
451000 1
1 19.1692
452000 1
1 19.2029
453000 1
1 19.2507
454000 1
1 19.3079
455000 1
1 19.3611
456000 1
1 19.4005
457000 1
1 19.4329
458000 1
1 19.469
459000 1
1 19.5047
460000 1
1 19.5425
461000 1
1 19.5772
462000 1
1 19.6049
463000 1
1 19.628
464000 1
1 19.6491
465000 1
1 19.6697
466000 1
1 19.6839
467000 1
1 19.6825
468000 1
1 19.6757
469000 1
1 19.6708
470000 1
1 19.6694
471000 1
1 19.6513
472000 1
1 19.625
473000 1
1 19.6072
474000 1
1 19.5769
475000 1
1 19.5363
476000 1
1 19.4981
477000 1
1 19.4623
478000 1
1 19.4337
479000 1
1 19.4021
480000 1
1 19.3719
481000 1
1 19.357
482000 1
1 19.3517
483000 1
1 19.347
484000 1
1 19.3359
485000 1
1 19.3398
486000 1
1 19.348
487000 1
1 19.3442
488000 1
1 19.3138
489000 1
1 19.2858
490000 1
1 19.2717
491000 1
1 19.256
492000 1
1 19.2401
493000 1
1 19.2355
494000 1
1 19.2292
495000 1
1 19.2153
496000 1
1 19.1835
497000 1
1 19.1623
498000 1
1 19.154
499000 1
1 19.1541
500000 1
1 19.1698
